87
869
395
782
270
527
418
555
167
143
621
430
217
358
640
379
850
897
187
131
971
478
643
466
675
476
414
415
223
243
398
756
77
751
864
151
688
242
770
93
281
188
151
417
404
518
97
674
215
95
158
399
306
787
814
975
357
491
770
452
180
341
510
449
707
712
52
903
765
446
575
804
529
292
846
323
622
976
130
601
586
298
51
619
423
757
860
556
898
566
181
830
176
996
71
771
550
949
294
648
339
317
453
59
664
603
993
574
734
721
99
368
490
211
755
383
160
309
160
806
258
786
621
409
431
71
914
307
424
240
966
60
51
118
943
959
712
384
126
162
281
368
298
389
790
107
453
385
597
881
963
279
298
164
265
269
721
522
864
453
398
824
91
866
943
891
75
625
160
320
439
642
994
63
498
670
599
124
779
638
716
708
986
169
560
853
643
415
290
798
540
446
121
222
901
954
318
333
328
892
83
749
898
107
283
726
819
251
593
488
380
956
627
879
401
486
85
841
860
839
832
340
472
420
866
927
72
986
591
53
431
847
89
783
493
958
250
408
923
853
754
336
954
413
171
766
122
759
74
170
186
224
914
995
506
267
321
943
112
319
741
450
556
349
52
702
604
140
664
408
491
262
395
744
276
168
772
431
108
651
864
744
697
807
852
416
361
235
145
344
77
867
719
137
117
673
637
233
721
708
64
442
299
65
465
378
96
620
397
752
172
307
825
1000
520
827
799
818
448
162
351
168
183
572
95
860
428
584
259
941
199
242
273
573
455
985
211
814
267
404
526
94
911
91
87
563
125
53
293
68
82
730
317
138
816
246
946
721
924
393
158
396
780
658
337
137
360
509
554
517
190
512
203
990
461
967
813
152
82
267
448
330
713
446
546
234
463
868
568
88
842
912
439
530
524
247
847
790
217
948
892
603
959
737
854
426
513
603
793
194
309
645
973
353
808
284
484
604
957
927
671
611
209
567
470
119
990
260
668
228
989
980
54
641
655
459
92
239
747
109
90
955
932
419
381
690
946
141
380
351
518
115
81
125
562
236
225
486
326
457
197
84
525
744
245
918
534
807
621
703
357
459
785
163
301
88
245
771
664
428
373
305
538
800
827
450
444
578
609
249
176
187
525
657
52
619
713
609
362
884
989
973
890
993
617
181
759
413
740
767
452
987
721
140
402
867
145
635
282
576
772
82
551
533
389
715
860
801
173
602
686
899
167
822
660
113
522
67
760
785
651
200
493
766
665
889
970
380
578
435
646
720
254
277
54
558
260
532
619
121
835
849
935
851
985
833
757
386
318
985
784
449
86
951
96
881
628
973
652
98
194
279
372
568
895
666
81
310
591
891
424
826
193
831
876
787
62
327
876
87
742
873
428
475
582
929
614
789
653
388
418
424
132
929
861
105
564
786
410
368
70
604
173
747
304
130
405
299
819
945
521
679
77
956
465
508
330
887
149
387
517
602
1000
755
559
434
757
214
797
93
858
118
610
818
924
806
483
757
212
891
356
338
145
428
470
918
124
162
674
113
576
343
712
50
785
764
153
787
581
676
173
618
486
918
302
81
762
231
246
683
916
158
253
610
804
982
817
628
225
942
609
264
76
327
798
121
568
822
548
440
132
990
581
833
949
507
588
847
762
301
768
356
1000
762
406
154
933
824
264
622
249
867
933
606
492
632
280
239
362
444
567
315
913
142
981
502
997
318
598
386
749
511
714
366
403
193
410
871
712
944
504
376
161
679
573
146
950
535
851
625
718
199
542
114
104
317
677
640
678
783
237
757
949
383
914
90
310
880
974
495
980
148
160
553
85
297
917
650
66
826
779
174
374
452
676
968
875
960
905
126
335
708
763
517
709
873
882
661
553
975
468
361
249
915
735
722
249
251
89
54
675
906
708
726
679
357
680
364
352
414
451
111
207
955
372
580
522
819
999
323
442
777
229
555
805
759
868
966
420
952
950
409
127
362
266
908
396
616
380
796
224
256
877
175
100
90
747
934
262
618
551
714
92
104
148
583
961
494
254
273
264
494
551
324
967
777
184
335
457
72